7633
7833
8043
8433
8633
8823
9153
9518
9878
10258
10618
11018
11418
12128
12858
13523
13943
14353
15063
15833
16253
16613
16813
16983
17393
17978
18158
18858
19588
19988
20378
21108
21533
21923
22253
22643
22813
22973
23143
23353
24203
25658
27109
27509
27899
28249
28644
29024
31644
33090
33848
34610
35350
36346
36536
36726
36946
37306
37986
38186
38386
38736
39126
39306
39491
39901
40261
40461
40661
40871
41051
41221
41411
41721
42321
42476
42666
42866
43236
43856
44026
44216
44366
44736
44906
45086
45266
45436
45626
45796
45976
46156
46366
46762
47122
47282
47692
48092
54142
54502
54882
55252
55622
56002
56392
56769
57109
57299
57499
57689
57879
58079
58289
58509
60109
60874
61584
61784
62154
62344
62514
62694
62874
63154
63860
64577
64777
64967
65177
65547
65737
65937
66097
66857
67562
67752
68142
68322
68512
68682
68852
69092
70587
70757
71177
71337
71727
72120
72890
73570
73730
74120
74300
74475
74645
74825
75125
75845
76545
76795
76955
77135
77525
77715
77905
78135
78860
79570
79770
80140
80330
80530
80700
80880
81100
82496
84146
84866
85571
85961
86131
86321
86481
86661
87068
87818
88018
88218
88388
88633
88803
88993
89183
89573
89753
89933
90103
90873
91568
92008
92188
92378
92548
92758
93118
93824
94586
95177
95347
95723
96093
96843
97583
97993
98153
98353
98538
98738
99118
99818
100198
100378
100498
100718
100968
101178
101548
101728
101898
102088
102853
103553
103953
104143
104323
104503
104683
105113
106498
108098
108858
109613
110376
132118
133623
135073
136618
138118
139538
141113
141843
142603
143283
144078
144808
145558
146338
147118
147778
148550
148940
149340
149730
150120
150508
150888
151218
151608
151998
152348
152728
153108
153458
153888
154424
154799
155209
155707
156117
162393
162873
163243
163633
164003
164383
164763
165133
165313
165491
165641
165811
165991
166191
166371
168111
168811
169597
169787
170157
170337
170517
170697
170887
171117
171857
172587
172777
172967
173137
173553
173743
173923
174143
174873
175553
175753
176123
176313
176498
176658
176838
177028
177398
177818
178207
178547
178707
179137
179297
179707
180097
180853
181583
181753
182143
182313
182483
182653
182823
182983
183153
183818
184538
184713
184893
185083
185253
185593
185753
185923
186103
186818
187543
187723
188123
188303
188473
188653
188813
189073
190528
192108
192818
193508
193938
194108
194298
194493
194673
195103
195783
195993
196153
196323
196503
196693
196863
197033
197193
197569
197729
197909
198089
198849
199529
199929
200129
200309
200489
200609
201099
201474
201824
202194
202564
202754
203124
203294
203684
204094
204849
205539
205959
206109
206309
206489
206669
207109
207809
207999
208189
208359
208614
208787
208967
209137
209567
209737
209907
210097
210817
211522
211954
212146
212306
212476
212689
213129
214459
216121
