000900 0 180 12 
001000 0 180 12
001150 0 180 12
001250 0 180 12
001850 1 180 12
001950 1 45  12
002200 0 180 12
002300 0 180 12
002450 0 180 12
002550 0 180 12
003200 1 45  12
003300 1 180 12
003550 0 180 12
003650 0 180 12
003800 0 180 12
003900 0 180 12
004400 1 180 12
004500 1 45  12
004800 0 180 12
004900 0 180 12
005050 0 180 12
005150 0 180 12
005600 0 180 12
005700 0 180 12
005800 0 180 12
005900 0 180 12
006100 0 180 12
006200 0 180 12
006350 0 180 12
006450 0 180 12
007050 1 45  12
007150 1 180 12
007400 0 180 12
007500 0 180 12
007650 0 180 12
007750 0 180 12
008400 1 180 12
008500 1 45  12
008750 0 180 12
008850 0 180 12
009000 0 180 12
009100 0 180 12
009750 1 45  12
009850 1 180 12
010050 0 180 12
010150 0 180 12
010300 0 180 12
010400 0 180 12
011000 0 180 12
011100 0 180 12
011200 0 180 12
011300 0 180 12
011600 7 180 12
022100 1 180 12
022500 0 180 12
022800 0 180 12
022900 0 180 12
023050 0 180 12
023150 0 180 12
023400 0 180 12
023500 0 180 12
023800 0 180 12
023850 0 180 12
023900 0 180 12
024350 1 45  12
024350 1 180 12
024500 0 180 12
024550 0 180 12
024750 0 180 12
024850 0 180 12
024950 0 180 12
025150 0 180 12
025350 0 180 12
025550 0 180 12
025950 1 180 12
025950 1 45  12
026100 0 180 12
026250 0 180 12
026400 0 180 12
026600 0 180 12
026700 0 180 12
026950 2 180 12
027150 3 180 12
027300 1 45  12
027300 1 180 12
027400 0 180 12
027500 0 180 12
027600 0 180 12
027850 2 0   12
028250 0 180 12
028350 0 180 12
028450 0 180 12
028550 0 180 12
028650 0 180 12 
028900 6 45  12
029150 6 180 12
029600 1 180 12
029750 0 180 12
029800 0 180 12
029850 0 180 12
029900 0 180 12
029950 0 180 12
030000 0 180 12
030250 0 180 12
030450 2 90  12
030750 3 0   12
031000 0 180 12
031100 0 180 12
031200 0 180 12
031300 5 108 12
031750 0 180 12
032050 0 108 12
032150 0 180 12
032550 0 108 12
032700 0 180 12
032950 2 135 12
033200 3 90  12
033300 2 225 12
033550 5 180 12
033800 0 180 12
033950 1 45  12
033950 1 180 12
034250 0 180 12
034300 0 180 12
034350 0 180 12
034500 2 45  12
034600 3 315 12
034700 2 225 12
034800 3 135 12
034900 2 0   12
035250 0 180 12
035350 0 180 12
035600 0 180 12
035700 0 180 12
035850 0 180 12
035950 0 180 12
036050 0 180 12
036200 5 108 12
036450 0 180 12
036600 0 180 12
036950 2 270 12
037200 3 90  12
037500 0 180 12
037600 0 180 12
037700 0 180 12
038200 5 180 12
038450 0 180 12
038650 0 180 12
038750 0 180 12
038900 0 180 12
038950 0 180 12
039000 0 180 12
039250 0 180 12
039350 0 180 12
039500 0 180 12
039600 0 180 12
039700 0 180 12
039950 1 45  12
039950 1 180 12
040250 0 180 12
040350 0 180 12
040550 0 180 12
040650 0 180 12
040900 0 180 12
040950 0 180 12
041000 0 180 12
041250 0 180 12
041600 5 180 12
041850 0 180 12
042200 5 180 12
042500 0 180 12
042800 0 180 12
042900 0 180 12
043000 0 180 12
043100 0 180 12
043250 1 45  12
043250 1 180 12
043400 0 180 12
043600 0 180 12
043700 5 180 12
043950 0 180 12
044200 5 180 12
044450 0 180 12
044550 0 180 12
044850 0 180 12
044950 0 180 12
045150 0 180 12
045250 0 180 12
045400 5 180 12
045700 0 180 12
045950 1 45  12
045950 1 180 12
046100 0 180 12
046200 0 180 12
046550 0 180 12
046650 0 180 12
046750 0 180 12
047000 0 180 12
047100 0 180 12
047200 0 180 12
047600 0 180 12
047700 0 180 12
047800 0 180 12
047900 0 180 12
048000 2 135 12
048150 0 180 12
048350 2 135 12
048500 0 180 12
048700 0 180 12
048750 0 180 12
048800 0 180 12
049150 5 180 12
049400 0 180 12
049800 0 180 12
049900 0 180 12
050000 0 180 12
050100 0 180 12
050200 0 180 12
050300 5 180 12
050950 0 180 12
051050 0 180 12
051250 0 180 12
051350 0 180 12
051450 0 180 12
051900 0 180 12
052250 0 180 12
052550 0 180 12
052650 0 180 12
052750 0 180 12
052850 0 180 12
053050 0 180 12
053150 0 180 12
053400 0 180 12
053550 5 180 12
053800 0 180 12
054100 0 180 12
054200 0 180 12
054300 0 180 12
054400 0 180 12
054650 0 180 12
054950 0 180 12
055200 0 180 12
055300 0 180 12
055550 5 180 12
055900 0 180 12
056200 5 180 12
056600 1 45  12
056600 1 180 12
056700 0 180 12
056800 0 180 12
056900 0 180 12
057000 0 180 12
057200 5 180 12
057450 0 180 12
057650 5 180 12
057990 0 180 12
058050 0 180 12
058150 0 180 12
058200 0 180 12
058300 5 180 12
058600 0 180 12
058900 0 180 12
059100 0 180 12
059200 0 180 12
059550 0 180 12
059600 0 180 12
059650 0 180 12
060000 0 180 12
060700 0 180 12
061150 0 180 12
061650 0 180 12
061950 0 180 12
062200 0 180 12
062300 0 180 12
062400 0 180 12
062600 0 180 12
062700 0 180 12
062900 1 45  12
062900 1 180 12
063200 5 180 12
063450 0 180 12
063650 0 180 12
063750 0 180 12
063850 0 180 12
064250 0 180 12
064350 0 180 12
064450 0 180 12
064550 0 180 12
064650 0 180 12
064750 0 180 12
065100 0 180 12
065550 0 180 12
065650 0 180 12
065750 0 180 12
065850 0 180 12
065950 0 180 12
066600 0 180 12
066700 0 180 12
066800 0 180 12
067100 0 180 12
067400 0 180 12
067750 0 180 12
067950 0 180 12
068050 1 45  12
068050 1 180 12
068600 0 180 12
069300 0 180 12
069550 2 180 12
069900 0 180 12
070200 0 180 12
070300 0 180 12
070450 0 180 12
070500 0 180 12
070550 0 180 12
070650 0 180 12
070850 0 180 12
070950 0 180 12
071050 0 180 12
071200 0 180 12
071350 5 180 12
071600 0 180 12
071850 0 180 12
072150 0 180 12
072550 0 180 12
072650 0 180 12
072950 0 108 12
073250 0 180 12
073350 0 180 12
073700 0 180 12
073900 0 180 12
074050 0 180 12
074250 0 180 12
074350 0 180 12
074500 0 180 12
074750 0 180 12
074850 0 180 12
074950 0 180 12
075050 0 180 12
075150 0 180 12
075250 0 180 12
075700 0 180 12
075900 0 180 12
076000 0 180 12
076250 0 180 12
076350 0 180 12
076600 0 180 12
076700 0 180 12
076800 0 180 12
077000 0 180 12
077400 0 180 12
077900 0 180 12
078150 0 180 12
078250 0 180 12
078350 0 180 12
078500 0 180 12
078600 0 180 12
078700 0 180 12
078950 0 180 12
079100 0 180 12
079200 0 180 12
079400 0 180 12
079600 0 180 12
079700 0 180 12
080000 0 180 12
080200 5 180 12
080500 0 180 12
080750 0 180 12
080900 0 180 12
081000 0 180 12
081100 0 180 12
081200 0 180 12
081300 0 180 12
081400 0 180 12
081700 0 180 12
081800 0 180 12
081950 0 180 12
082400 0 180 12
082500 0 180 12
082600 0 180 12
082950 0 180 12
083100 0 180 12
083400 0 180 12
083500 0 180 12
083650 0 180 12
083750 0 180 12
084050 0 180 12
084250 0 180 12
084600 0 180 12
084700 0 180 12
084800 0 180 12
084900 0 180 12
085000 0 180 12
085100 0 180 12
085200 2 135 12
085500 3 225 12
085800 0 180 12
085900 0 180 12
086000 0 180 12
086100 0 180 12
086200 0 180 12
086600 0 180 12
086750 0 180 12
086850 0 180 12
087400 0 180 12
087550 0 180 12
087600 0 180 12
087650 0 180 12
087850 0 180 12
087950 0 180 12
088300 0 180 12
088550 1 180 12
088700 1 45  12
088850 1 45  12
088850 1 180 12
089100 0 180 12
089450 0 180 12
089700 0 180 12
089950 0 180 12
090250 0 180 12
090350 0 180 12
090450 0 180 12
090550 0 180 12
090650 5 180 12
090950 0 180 12
091200 0 180 12
091350 0 180 12
091500 0 180 12
091650 0 180 12
091900 0 180 12
092150 0 180 12
092250 0 180 12
092550 0 180 12
092650 0 180 12
092800 2 90  12
093100 3 270 12
093450 0 180 12
093750 0 180 12
094050 0 180 12
096150 2 225 12
096900 1 180 12
097550 1 45  12
097700 1 180 12
098300 3 315 12
099200 1 45  12
099200 1 180 12
102600 1 45  12
102600 1 180 12
104600 1 45  12
104600 1 180 12
107250 1 45  12
107250 1 180 12
107950 1 45  12
107950 1 180 12
108750 3 225 12
121129 0 0 10