000100 1 45 15
001450 0 180 15
001800 0 180 15
002200 0 180 15
002450 0 180 15
003100 0 180 15
003550 1 180 15
003550 1 45 15
004350 0 180 15
004600 0 180 15
004800 0 180 15
005000 0 180 15
005250 1 180 15
005250 1 45 15
006050 0 180 15
006300 0 180 15
006500 0 180 15
006700 0 180 15
006950 1 180 15
006950 1 45 15
007800 1 180 15
007800 0 180 15
008200 1 45 15
008200 0 45 15
008550 0 180 15
009000 0 180 15
009150 0 180 15
009850 0 180 15
010400 1 180 15
010400 1 45 15
010400 0 180 15
011150 0 180 15
011400 0 180 15
011600 0 180 15
011800 0 180 15
012050 1 180 15
012050 1 45 15
012950 1 45 15
013350 1 180 15
013850 1 180 15
013850 1 45 15
013850 1 180 15
013850 1 45 15
014950 0 180 15
015150 0 180 15
015400 0 180 15
015550 0 180 15
015850 0 180 15
015950 0 180 15
016250 2 180 10
017000 5 45 10
017800 1 45 15
021300 0 180 15
021550 0 180 15
021850 0 180 15
022050 0 180 15
022250 0 180 15
022700 0 180 15
022850 0 180 15
023050 3 180 10
023900 5 180 10
024650 0 180 15
024850 0 180 15
025000 0 180 15
025150 0 180 15
025300 0 180 15
025550 5 45 10
026300 1 45 15
027600 1 180 15
027600 1 45 15
028450 0 180 15
028650 0 180 15
028900 0 180 15
029200 0 180 15
029400 0 180 15
029600 0 180 15
029900 0 180 15
030100 3 180 10
030700 5 180 10
031650 1 180 15
033300 0 180 15
033350 0 180 15
033400 0 180 15
033450 1 180 15
033850 1 45 15
034350 1 180 15
034350 1 45 15
034950 0 180 15
035000 0 180 15
035100 1 180 15
036050 0 180 15
036700 0 180 15
036900 1 45 15
037800 0 180 15
038300 0 180 15
038350 0 180 15
038550 1 45 15
038950 1 180 15
039250 0 180 15
039300 0 180 15
039350 0 180 15
039400 0 180 15
039450 0 180 15
039500 0 180 15
039550 1 45 15
039550 1 180 15

041250 2 180 7
048000 3 180 7
054850 1 180 15
055650 1 45 15
056650 1 180 15
057500 1 45 15
058350 1 180 15
059100 1 45 15
060050 1 180 15
060950 1 45 15
061700 1 180 15
061900 0 180 15
062150 1 45 15
062350 0 180 15
062500 1 180 15
062700 0 180 15
063000 1 45 15
063200 0 180 15
063500 1 180 15
063700 0 180 15
063850 1 45 15
064050 0 180 15
064200 1 180 15
064400 0 180 15
064700 1 45 15
064900 0 180 15
065100 0 180 15
065200 0 180 15
065300 0 180 15
065400 0 180 15
065550 0 180 15
065700 0 180 15
065900 0 180 15
066000 0 180 15
066100 0 180 15
066200 0 180 15
066350 0 180 15
066500 0 180 15
066750 0 180 15
066800 0 180 15
066850 0 180 15
066900 6 45 15
067700 1 45 15
067700 1 180 15
068550 6 180 20
068550 5 180 20
069400 2 180 20
070250 6 45 20
070250 5 180 20
071150 3 180 20
071950 6 45 20
071950 6 180 20
071950 5 180 20
072700 1 180 20
072700 1 45 20
072950 0 180 20
073050 0 180 20
073150 0 180 20
073250 1 180 20
073750 0 180 20
073850 0 180 20
073950 0 180 20
074050 1 45 20
074550 0 180 20
074650 0 180 20
074750 0 180 20
074950 1 180 20
075250 1 180 20
075250 1 45 20
075250 0 180 20
075550 6 180 20
075550 5 180 20
076300 2 180 20
077150 6 45 20
077150 5 180 20
078000 3 180 20
078950 6 180 20
078950 6 45 20
078950 5 180 20
079800 1 45 20
080100 1 180 20
080600 1 180 20
080700 0 180 20
080850 0 180 20
081000 0 180 20
081150 0 180 20
081300 0 180 20
081450 0 180 20
081550 1 180 20
081800 1 45 20
082250 1 180 20
082250 1 45 20
082400 6 180 20
082400 5 180 20
083250 2 180 20
084100 6 45 20
084100 5 180 20
085000 3 180 20
085800 6 45 20
085800 6 180 20
085800 5 180 20
086550 1 180 20
086800 0 180 20
086900 0 180 20
087000 0 180 20
087100 1 45 20
087600 0 180 20
087700 0 180 20
087800 0 180 20
087900 1 180 20
088400 0 180 20
088500 0 180 20
088600 0 180 20
088700 1 180 20
089100 1 180 20
089100 1 45 20
089100 0 180 20
089250 6 180 20
089250 5 180 20
090150 2 180 20
090850 6 45 20
090850 5 180 20
091800 3 180 20
092650 6 180 20
092650 6 45 20
092650 5 180 20
093650 1 180 20
093950 1 45 20
094450 1 180 20
094450 1 45 20
094550 0 180 20
094700 0 180 20
094850 0 180 20
095000 0 180 20
095150 0 180 20
095300 0 180 20
095400 1 45 20
095650 1 180 20
095900 1 180 20
095900 1 45 20
096100 2 180 20
096450 3 000 20
096850 0 180 20
096950 0 180 20
097050 0 180 20
097150 1 180 20
097150 1 45 20
097800 3 90 20
098200 0 180 20
098350 0 180 20
098500 0 180 20
098700 2 270 20
099000 5 180 20
099500 6 60 20
099950 0 180 20
100050 0 180 20
100150 0 180 20
100350 0 180 20
100450 0 180 20
100550 0 180 20
100700 5 180 20
101200 3 90 20
101650 2 270 20
102050 1 45 20
102200 1 180 20
102350 1 45 20
102550 6 180 20
102900 2 180 20
103250 6 45 20
103500 1 45 20
103800 3 315 20
104250 6 180 20
104500 1 180 20
104650 0 180 20
104750 0 180 20
104850 0 180 20
104950 5 180 20
105450 0 180 20
105550 0 180 20
105650 0 180 20
105750 5 180 20
106400 0 180 20
106500 0 180 20
106600 0 180 20
106700 0 180 20
106800 0 180 20
106900 0 180 20
107000 0 180 20
107100 1 180 20
107100 1 135 20
107100 1 225 20
107200 0 180 20
107300 0 180 20
107400 0 180 20
108200 0 180 20
108300 0 180 20
108400 0 180 20
108500 0 180 20
108600 0 180 20
108700 0 180 20
108800 0 180 20
108900 0 180 20
109000 1 135 20
109000 1 180 20
109000 1 225 20
109400 0 180 20
109500 0 180 20
109600 0 180 20
109800 2 315 20
110150 3 135 20
110550 0 180 20
110650 0 180 20
110750 0 180 20
110850 1 45 20
110850 1 180 20
111500 3 90 20
111900 0 180 20
112050 0 180 20
112200 0 180 20
112400 2 270 20
112700 5 180 20
113200 6 45 20
113650 0 180 20
113750 0 180 20
113850 0 180 20
114000 1 180 20
114000 1 45 20
114050 0 180 20
114150 0 180 20
114250 0 180 20
114400 5 180 20
114900 3 225 20
115350 2 45 20
115750 1 180 20
115900 1 45 20
116050 1 180 20
116200 6 45 20
116600 2 270 20
116950 5 180 20
117200 1 180 20
117450 1 45 20
117950 1 180 20
118200 1 180 20
118350 0 180 20
118450 0 180 20
118550 0 180 20
118650 6 180 20
119150 0 180 20
119250 0 180 20
119350 0 180 20
119450 6 45 20
120100 0 180 20
120200 0 180 20
120300 0 180 20
120400 0 180 20
120500 0 180 20
120600 0 180 20
120700 0 180 20
120800 1 135 20
120800 1 180 20
120800 1 225 20
120900 0 180 20
121000 0 180 20
121100 0 180 20
121800 0 180 20
121900 0 180 20
122000 0 180 20
122100 0 180 20
122200 0 180 20
122300 0 180 20
122400 0 180 20
122500 0 180 20
122600 1 180 20
122650 1 45 20
123100 0 180 20
123200 0 180 20
123300 0 180 20
123500 7 180 20
128200 1 45 20

